+---------------------------------------------------------------------------------------------------------------------------------------------------------------------------------------------------------------------------------------------+
; Legal Partition Candidates                                                                                                                                                                                                                  ;
+----------------------------------------+-------+----------------+--------------+----------------+--------+-----------------+---------------+-----------------+-------+----------------+--------------+------------------+-------------------+
; Hierarchy                              ; Input ; Constant Input ; Unused Input ; Floating Input ; Output ; Constant Output ; Unused Output ; Floating Output ; Bidir ; Constant Bidir ; Unused Bidir ; Input only Bidir ; Output only Bidir ;
+----------------------------------------+-------+----------------+--------------+----------------+--------+-----------------+---------------+-----------------+-------+----------------+--------------+------------------+-------------------+
; \out_FIFO_gen:4:out_FIFO_X|src_mux     ; 323   ; 0              ; 0            ; 0              ; 64     ; 0               ; 0             ; 0               ; 0     ; 0              ; 0            ; 0                ; 0                 ;
; \out_FIFO_gen:4:out_FIFO_X|FSM         ; 10    ; 0              ; 0            ; 0              ; 11     ; 0               ; 0             ; 0               ; 0     ; 0              ; 0            ; 0                ; 0                 ;
; \out_FIFO_gen:4:out_FIFO_X|queue       ; 68    ; 0              ; 0            ; 0              ; 66     ; 0               ; 0             ; 0               ; 0     ; 0              ; 0            ; 0                ; 0                 ;
; \out_FIFO_gen:4:out_FIFO_X             ; 328   ; 1              ; 0            ; 1              ; 70     ; 1               ; 1             ; 1               ; 0     ; 0              ; 0            ; 0                ; 0                 ;
; \out_FIFO_gen:3:out_FIFO_X|src_mux     ; 323   ; 0              ; 0            ; 0              ; 64     ; 0               ; 0             ; 0               ; 0     ; 0              ; 0            ; 0                ; 0                 ;
; \out_FIFO_gen:3:out_FIFO_X|FSM         ; 10    ; 0              ; 0            ; 0              ; 11     ; 0               ; 0             ; 0               ; 0     ; 0              ; 0            ; 0                ; 0                 ;
; \out_FIFO_gen:3:out_FIFO_X|queue       ; 68    ; 0              ; 0            ; 0              ; 66     ; 0               ; 0             ; 0               ; 0     ; 0              ; 0            ; 0                ; 0                 ;
; \out_FIFO_gen:3:out_FIFO_X             ; 328   ; 1              ; 0            ; 1              ; 70     ; 1               ; 1             ; 1               ; 0     ; 0              ; 0            ; 0                ; 0                 ;
; \out_FIFO_gen:2:out_FIFO_X|src_mux     ; 323   ; 0              ; 0            ; 0              ; 64     ; 0               ; 0             ; 0               ; 0     ; 0              ; 0            ; 0                ; 0                 ;
; \out_FIFO_gen:2:out_FIFO_X|FSM         ; 10    ; 0              ; 0            ; 0              ; 11     ; 0               ; 0             ; 0               ; 0     ; 0              ; 0            ; 0                ; 0                 ;
; \out_FIFO_gen:2:out_FIFO_X|queue       ; 68    ; 0              ; 0            ; 0              ; 66     ; 0               ; 0             ; 0               ; 0     ; 0              ; 0            ; 0                ; 0                 ;
; \out_FIFO_gen:2:out_FIFO_X             ; 328   ; 1              ; 0            ; 1              ; 70     ; 1               ; 1             ; 1               ; 0     ; 0              ; 0            ; 0                ; 0                 ;
; \out_FIFO_gen:1:out_FIFO_X|src_mux     ; 323   ; 0              ; 0            ; 0              ; 64     ; 0               ; 0             ; 0               ; 0     ; 0              ; 0            ; 0                ; 0                 ;
; \out_FIFO_gen:1:out_FIFO_X|FSM         ; 10    ; 0              ; 0            ; 0              ; 11     ; 0               ; 0             ; 0               ; 0     ; 0              ; 0            ; 0                ; 0                 ;
; \out_FIFO_gen:1:out_FIFO_X|queue       ; 68    ; 0              ; 0            ; 0              ; 66     ; 0               ; 0             ; 0               ; 0     ; 0              ; 0            ; 0                ; 0                 ;
; \out_FIFO_gen:1:out_FIFO_X             ; 328   ; 1              ; 0            ; 1              ; 70     ; 1               ; 1             ; 1               ; 0     ; 0              ; 0            ; 0                ; 0                 ;
; \out_FIFO_gen:0:out_FIFO_X|src_mux     ; 323   ; 0              ; 0            ; 0              ; 64     ; 0               ; 0             ; 0               ; 0     ; 0              ; 0            ; 0                ; 0                 ;
; \out_FIFO_gen:0:out_FIFO_X|FSM         ; 10    ; 0              ; 0            ; 0              ; 11     ; 0               ; 0             ; 0               ; 0     ; 0              ; 0            ; 0                ; 0                 ;
; \out_FIFO_gen:0:out_FIFO_X|queue       ; 68    ; 0              ; 0            ; 0              ; 66     ; 0               ; 0             ; 0               ; 0     ; 0              ; 0            ; 0                ; 0                 ;
; \out_FIFO_gen:0:out_FIFO_X             ; 328   ; 1              ; 0            ; 1              ; 70     ; 1               ; 1             ; 1               ; 0     ; 0              ; 0            ; 0                ; 0                 ;
; \in_FIFO_gen:4:in_FIFO_X|fsm           ; 6     ; 0              ; 0            ; 0              ; 4      ; 0               ; 0             ; 0               ; 0     ; 0              ; 0            ; 0                ; 0                 ;
; \in_FIFO_gen:4:in_FIFO_X|dest_decode   ; 65    ; 60             ; 0            ; 60             ; 8      ; 60              ; 60            ; 60              ; 0     ; 0              ; 0            ; 0                ; 0                 ;
; \in_FIFO_gen:4:in_FIFO_X|queue         ; 68    ; 0              ; 0            ; 0              ; 66     ; 0               ; 0             ; 0               ; 0     ; 0              ; 0            ; 0                ; 0                 ;
; \in_FIFO_gen:4:in_FIFO_X|packet_buffer ; 66    ; 0              ; 0            ; 0              ; 64     ; 0               ; 0             ; 0               ; 0     ; 0              ; 0            ; 0                ; 0                 ;
; \in_FIFO_gen:4:in_FIFO_X               ; 72    ; 0              ; 0            ; 0              ; 70     ; 0               ; 0             ; 0               ; 0     ; 0              ; 0            ; 0                ; 0                 ;
; \in_FIFO_gen:3:in_FIFO_X|fsm           ; 6     ; 0              ; 0            ; 0              ; 4      ; 0               ; 0             ; 0               ; 0     ; 0              ; 0            ; 0                ; 0                 ;
; \in_FIFO_gen:3:in_FIFO_X|dest_decode   ; 65    ; 60             ; 0            ; 60             ; 8      ; 60              ; 60            ; 60              ; 0     ; 0              ; 0            ; 0                ; 0                 ;
; \in_FIFO_gen:3:in_FIFO_X|queue         ; 68    ; 0              ; 0            ; 0              ; 66     ; 0               ; 0             ; 0               ; 0     ; 0              ; 0            ; 0                ; 0                 ;
; \in_FIFO_gen:3:in_FIFO_X|packet_buffer ; 66    ; 0              ; 0            ; 0              ; 64     ; 0               ; 0             ; 0               ; 0     ; 0              ; 0            ; 0                ; 0                 ;
; \in_FIFO_gen:3:in_FIFO_X               ; 72    ; 0              ; 0            ; 0              ; 70     ; 0               ; 0             ; 0               ; 0     ; 0              ; 0            ; 0                ; 0                 ;
; \in_FIFO_gen:2:in_FIFO_X|fsm           ; 6     ; 0              ; 0            ; 0              ; 4      ; 0               ; 0             ; 0               ; 0     ; 0              ; 0            ; 0                ; 0                 ;
; \in_FIFO_gen:2:in_FIFO_X|dest_decode   ; 65    ; 60             ; 0            ; 60             ; 8      ; 60              ; 60            ; 60              ; 0     ; 0              ; 0            ; 0                ; 0                 ;
; \in_FIFO_gen:2:in_FIFO_X|queue         ; 68    ; 0              ; 0            ; 0              ; 66     ; 0               ; 0             ; 0               ; 0     ; 0              ; 0            ; 0                ; 0                 ;
; \in_FIFO_gen:2:in_FIFO_X|packet_buffer ; 66    ; 0              ; 0            ; 0              ; 64     ; 0               ; 0             ; 0               ; 0     ; 0              ; 0            ; 0                ; 0                 ;
; \in_FIFO_gen:2:in_FIFO_X               ; 72    ; 0              ; 0            ; 0              ; 70     ; 0               ; 0             ; 0               ; 0     ; 0              ; 0            ; 0                ; 0                 ;
; \in_FIFO_gen:1:in_FIFO_X|fsm           ; 6     ; 0              ; 0            ; 0              ; 4      ; 0               ; 0             ; 0               ; 0     ; 0              ; 0            ; 0                ; 0                 ;
; \in_FIFO_gen:1:in_FIFO_X|dest_decode   ; 65    ; 60             ; 0            ; 60             ; 8      ; 60              ; 60            ; 60              ; 0     ; 0              ; 0            ; 0                ; 0                 ;
; \in_FIFO_gen:1:in_FIFO_X|queue         ; 68    ; 0              ; 0            ; 0              ; 66     ; 0               ; 0             ; 0               ; 0     ; 0              ; 0            ; 0                ; 0                 ;
; \in_FIFO_gen:1:in_FIFO_X|packet_buffer ; 66    ; 0              ; 0            ; 0              ; 64     ; 0               ; 0             ; 0               ; 0     ; 0              ; 0            ; 0                ; 0                 ;
; \in_FIFO_gen:1:in_FIFO_X               ; 72    ; 0              ; 0            ; 0              ; 70     ; 0               ; 0             ; 0               ; 0     ; 0              ; 0            ; 0                ; 0                 ;
; \in_FIFO_gen:0:in_FIFO_X|fsm           ; 6     ; 0              ; 0            ; 0              ; 4      ; 0               ; 0             ; 0               ; 0     ; 0              ; 0            ; 0                ; 0                 ;
; \in_FIFO_gen:0:in_FIFO_X|dest_decode   ; 65    ; 60             ; 0            ; 60             ; 8      ; 60              ; 60            ; 60              ; 0     ; 0              ; 0            ; 0                ; 0                 ;
; \in_FIFO_gen:0:in_FIFO_X|queue         ; 68    ; 0              ; 0            ; 0              ; 66     ; 0               ; 0             ; 0               ; 0     ; 0              ; 0            ; 0                ; 0                 ;
; \in_FIFO_gen:0:in_FIFO_X|packet_buffer ; 66    ; 0              ; 0            ; 0              ; 64     ; 0               ; 0             ; 0               ; 0     ; 0              ; 0            ; 0                ; 0                 ;
; \in_FIFO_gen:0:in_FIFO_X               ; 72    ; 0              ; 0            ; 0              ; 70     ; 0               ; 0             ; 0               ; 0     ; 0              ; 0            ; 0                ; 0                 ;
+----------------------------------------+-------+----------------+--------------+----------------+--------+-----------------+---------------+-----------------+-------+----------------+--------------+------------------+-------------------+
